-0.033715,-0.018565,-0.24083,-0.098657,0.15601,0.23894,0.0095967,0.31684,0.027959,-0.10514,0.041839,0.29382,0.11603,-0.047759,-0.21034,-0.015665,-0.071158,0.045714,0.13557,0.25636,-0.11883,-0.086704,-0.19587,0.16399,-0.13201,-0.15396,0.098911,-0.044599,-0.11688,0.016375,0.21673,0.17302,0.13007,-0.13456,0.038424,0.030882,-0.0077055,-0.18886,-0.10674,0.12571,-0.036424,0.12891,-0.0044761,-0.25691,0.19586,0.10912,0.066414,-0.1515,-0.038966,-0.057889
-0.19225,-0.10506,-0.16633,-0.31474,-0.093731,0.04653,0.093333,0.067389,-0.013688,-0.040112,-0.12689,-0.11753,0.065374,0.067929,0.064133,0.11072,-0.1138,0.022017,0.26996,-0.09323,-0.11345,0.16246,0.088196,0.055616,0.08966,0.16603,-0.26975,-0.0088495,0.2344,0.023678,-0.10067,-0.097258,0.26593,0.13037,-0.1886,0.11211,0.22365,0.14894,0.11714,0.096107,-0.089447,0.21255,-0.083381,-0.011878,0.21037,0.024149,-0.18521,-0.15576,0.14045,0.0316
-0.12229,0.21315,-0.068652,-0.22496,-0.059016,-0.29503,-0.14939,0.004656,-0.1045,-0.080642,-0.017644,-0.026568,-0.0060504,0.09478,0.081447,0.034774,0.4238,-0.11336,0.17348,0.061224,-0.12768,-0.052531,0.063707,-0.040376,-0.12076,-0.0052761,0.074946,-0.11425,-0.025065,-0.22061,-0.14536,0.15876,0.064786,0.013871,0.13646,0.16799,-0.19907,-0.12931,-0.0039648,-0.24827,0.029415,-0.10458,0.27862,-0.038676,0.1592,-0.050939,0.018645,-0.11997,0.2102,0.095577
0.11464,0.10253,-0.020159,-0.1369,-0.10384,-0.023227,0.077705,0.0098607,-0.010245,0.12514,0.00010556,-0.054117,0.0057768,0.0046266,-0.11962,-0.13654,0.042371,0.11501,-0.010883,-0.002065,-0.028684,-0.06591,0.13225,0.13002,0.47016,0.18019,0.26518,0.27161,0.040821,-0.12498,0.12991,-0.12477,0.06952,-0.12942,0.22048,0.073441,-0.014805,-0.097398,0.073253,-0.18763,0.0437,0.22412,-0.086085,0.011808,0.30384,-0.00065201,0.068491,0.24905,-0.18808,0.077613
-0.024008,-0.2208,-0.096897,0.1301,-0.033372,-0.17698,-0.0087758,0.21481,-0.21002,-0.15979,-0.026783,-0.077609,-0.10618,-0.10758,-0.06522,0.16664,0.12397,0.049271,0.39656,-0.067771,0.010455,-0.055358,-0.085254,-0.20257,-0.055327,-0.10728,-0.02145,0.19162,0.18321,0.10654,0.026302,-0.21273,-0.32294,-0.11184,-0.013874,-0.33464,-0.095629,-0.052138,0.13716,-0.10739,0.11637,0.056075,-0.12491,-0.12242,0.050846,0.061501,0.07474,0.016459,-0.021668,0.097763
-0.20521,0.030263,0.034278,0.092846,0.071233,0.02385,0.11134,0.21138,-0.14585,0.15435,0.09083,-0.019316,-0.04995,-0.037676,-0.14032,-0.06717,-0.00092611,-0.0017149,0.11179,0.071352,0.1086,0.13698,-0.25059,-0.041223,0.10582,0.25686,-0.02298,0.075728,-0.026676,0.03696,-0.069105,-0.010525,0.28111,0.091587,0.066471,0.054321,0.1214,0.26812,0.045495,-0.26363,0.085907,-0.37301,0.035722,-0.25022,-0.14398,-0.13352,0.27446,-0.037954,-0.088393,-0.11426
0.044509,-0.18425,0.0031002,0.049848,0.15957,0.061067,-0.024621,0.002062,0.061837,0.080976,-0.019397,0.068108,-0.17013,0.25951,-0.055066,0.15415,0.081338,0.043667,0.0046285,-0.091935,-0.34172,0.26523,0.011179,0.057051,0.05212,0.16546,0.052439,-0.018243,0.061191,-0.30418,0.057731,0.32707,-0.14357,-0.12998,-0.003303,-0.15646,0.057916,0.22946,-0.0036607,0.12415,0.0098485,-0.084671,-0.013203,0.049767,0.023289,0.24617,0.21717,0.22252,0.21183,0.0037372
-0.048708,0.13001,-0.17339,-0.14931,0.24019,0.1932,-0.064115,0.0043286,-0.11246,0.1165,0.24004,-0.36246,0.12901,0.0085014,0.082942,0.025343,0.073176,0.006025,-0.013106,0.0022318,0.021072,-0.015283,-0.037838,-0.076821,-0.095177,-0.2804,-0.11466,0.22973,0.0042684,-0.22223,0.26792,-0.10873,-0.20018,0.055944,-0.1153,0.1766,0.16949,0.068081,0.037776,0.05296,0.14815,-0.165,0.10276,0.17549,0.15,-0.0035641,0.022138,0.069788,-0.082861,-0.19756
-0.04562,0.096213,-0.11996,-0.15335,0.28299,-0.20705,-0.22697,-0.19679,-0.083657,0.14565,-0.20079,0.13192,0.078875,0.033318,-0.059792,-0.081309,-0.0013916,0.28552,-0.10398,-0.03476,-0.013364,0.020992,-0.12807,-0.1011,0.17637,0.10144,-0.13349,-0.12303,-0.076591,0.20975,0.062352,-0.010443,-0.026296,-0.070865,0.061825,-0.35206,0.26379,-0.11968,-0.017721,-0.10993,0.20815,-0.00057202,0.18168,0.030242,0.026741,0.098528,-0.1821,-0.094211,0.031102,-0.15702
0.054426,-0.010443,0.089333,-0.017666,-0.0040707,-0.099036,-0.12256,-0.0052221,-0.068741,-0.025006,-0.1935,0.15824,0.11599,-0.32273,0.069506,0.17745,0.10579,-0.1133,-0.026366,-0.17505,0.1423,-0.15657,-0.4124,-0.10569,0.04171,0.18724,-0.12368,0.074733,-0.090783,-0.23162,0.27764,-0.02018,-0.0056263,0.056518,0.030196,0.15945,0.067625,0.20987,-0.25229,0.080304,-0.074356,0.23526,0.021045,0.017705,-0.028124,-0.050188,0.030978,0.097386,0.12212,0.15808
0.16031,-0.10037,0.2052,-0.19135,-0.1815,0.1325,-0.11583,0.070919,-0.24098,0.0032529,0.36797,0.014617,-0.049316,-0.061696,0.027488,-0.050891,-0.17248,0.083563,0.12016,-0.16487,0.003971,-0.12677,0.15342,0.050011,-0.096052,0.024195,0.22319,-0.020568,-0.1286,0.1007,0.16224,-0.076159,0.12903,0.095435,-0.039072,-0.19325,0.11375,0.051753,-0.026572,-0.040875,-0.01906,-0.023072,0.29075,-0.11428,-0.033216,0.0091562,-0.099295,0.17964,0.38667,-0.0037145
-0.16044,-0.029251,-0.10252,-0.10145,0.059648,0.015216,-0.034878,0.029083,-0.32448,-0.13935,0.010922,0.055907,0.13087,-0.2231,-0.0057564,-0.33796,0.052183,-0.30387,-0.22622,-0.071669,-0.1027,0.15457,0.055779,0.0044456,-0.12362,0.069876,0.052987,-0.1971,0.22158,-0.21348,0.067446,-0.16278,0.20919,0.021105,0.027423,-0.31356,-0.1016,-0.047324,0.079527,0.11252,-0.04037,-0.0050339,-0.058201,0.15209,-0.066716,0.072298,0.086925,0.097401,-0.17497,0.028922
0.19398,0.054223,0.056462,-0.023631,0.028789,-0.033261,-0.36484,0.13304,-0.0020466,-0.060153,0.014209,-0.13233,0.15923,0.25897,0.18864,0.034443,0.051631,-0.048102,-0.091964,0.12767,-0.2209,-0.18193,0.031875,0.24641,-0.039745,0.16755,-0.16484,0.098417,0.13866,0.041422,-0.12755,-0.20534,0.019472,-0.10027,-0.09526,-0.047569,0.18832,-0.11466,-0.22024,0.10167,0.065702,-0.026232,-0.05402,-0.26242,-0.17896,-0.1357,0.19624,0.061441,-0.11411,0.14634
0.23875,0.051864,0.10281,-0.162,0.13905,-0.0029904,-0.079158,-0.017832,-0.057063,0.10516,-0.13572,-0.060447,-0.27882,0.11293,0.061015,-0.29941,0.057011,0.0023552,-0.065137,0.063176,0.34602,0.2115,-0.097159,0.096373,-0.13092,0.05451,0.070811,0.10079,-0.022231,-0.089398,0.047811,-0.099171,0.0030644,-0.15065,-0.31611,-0.067096,-0.2646,0.13282,-0.031812,0.038162,0.051373,0.032585,-0.18155,-0.17978,0.19067,-0.028332,-0.049135,-0.23395,0.16176,0.0067455
-0.25389,0.015959,0.01051,-0.062983,-0.089024,0.043311,-0.032356,0.035848,0.12759,0.11168,-0.070859,-0.24216,-0.14178,-0.26505,-0.0034729,-0.0059489,0.0066931,-0.06346,-0.26608,0.16779,-0.1089,0.05485,-0.10182,0.038951,-0.038583,0.02599,0.10004,0.084094,0.026523,0.042382,-0.14746,0.014055,-0.26038,-0.030366,-0.19488,-0.1098,0.098771,0.026145,-0.028168,-0.18232,-0.42109,0.1747,0.31579,-0.24093,0.045977,0.1475,-0.012854,0.059633,-0.066558,-0.04403
-0.0032923,0.023598,0.14531,0.21319,0.17058,0.17469,-0.18235,0.064174,0.055249,-0.35506,-0.041815,0.0010663,-0.027383,0.065858,-0.11578,-0.023679,0.30879,0.026585,-0.0036653,0.13432,0.036197,0.021611,0.15088,-0.25683,0.10768,-0.11134,0.13774,0.24874,-0.0093021,-0.11882,-0.012908,0.061439,0.2838,-0.073621,-0.070651,-0.11994,0.27524,0.073359,0.023261,-0.089666,-0.19924,0.11213,-0.053206,0.10577,-0.10579,-0.1499,-0.22492,-0.070717,0.057035,-0.067163
-0.13416,-0.14779,-0.13358,-0.013075,-0.045023,0.24555,-0.034133,-0.13015,-0.049224,0.16938,0.032155,0.032183,0.0042845,0.15684,0.093579,0.22485,0.16353,0.0054044,-0.099484,0.087549,0.081756,0.20736,0.09191,-0.13588,-0.066674,-0.057835,0.0080555,0.018572,-0.10023,0.027852,-0.021108,-0.4042,0.1134,0.004086,0.32908,0.041979,-0.1228,-0.012196,-0.35047,-0.13735,-0.026699,0.085818,-0.14202,-0.11346,-0.10244,0.30984,-0.039137,0.0031573,0.09846,-0.046092
-0.14873,0.025439,-0.060727,-0.17131,-0.1595,0.064303,0.06861,-0.049002,-0.028797,-0.049564,-0.12982,0.087613,0.24798,0.028875,0.086532,-0.23411,0.041439,0.1407,-0.010117,0.2495,-0.087327,-0.22875,-0.12404,-0.23245,-0.059944,0.096933,0.096674,0.0092737,-0.12524,0.0882,-0.11303,-0.018705,-0.12934,-0.1273,-0.17251,0.074945,0.026428,0.058706,0.084144,-0.0064568,-0.08057,-0.26037,-0.3804,0.055505,0.0055864,0.0642,-0.03114,0.32815,0.26149,0.00095285
-0.18316,-0.087194,-0.21991,0.2891,0.026495,0.042411,-0.13683,-0.044378,-0.081874,0.11091,-0.17221,-0.29801,0.21271,-0.078171,-0.028768,0.0017139,-0.18071,0.059768,-0.14731,-0.29244,0.074079,-0.21325,0.14073,0.085016,-0.14984,-0.011491,0.043598,0.11663,-0.18386,-0.10216,-0.16513,0.14671,0.17944,-0.27073,0.090202,-0.025449,-0.074821,0.049393,0.14779,-4.1409e-05,0.099316,0.12046,-0.039023,-0.11679,0.051161,-0.053307,0.11876,-0.082379,0.22658,-0.01057
-0.1575,0.00975,0.19421,0.035453,0.18994,0.013069,0.14886,-0.068403,-0.05799,0.28924,0.23012,0.0029003,-0.18615,-0.15765,-0.0053175,-0.097693,0.058729,0.13429,-0.039401,-0.078861,-0.19547,-0.087282,-0.12204,0.019551,0.043254,-0.12488,0.019863,-0.090627,0.13963,-0.22208,-0.044375,-0.055454,-0.04765,-0.015647,0.044343,0.10125,0.22604,-0.31298,0.062604,0.0023793,-0.0037514,0.05052,-0.28422,-0.11714,-0.16072,-0.068244,-0.09559,-0.20646,0.21304,0.28506
0.1336,0.026546,0.062327,-0.014669,0.026808,-0.082716,-0.10706,-0.098114,-0.22609,0.20747,-0.23471,-0.11051,0.007316,0.11823,-0.39187,0.18942,0.1224,0.0093649,-0.023658,0.19976,0.013484,-0.060457,0.043687,-0.040696,-0.16668,-0.036349,0.25226,-0.20699,0.0023722,0.095862,0.05673,-0.10097,0.012118,0.31498,-0.035166,0.14192,0.11392,0.047523,0.30712,0.18231,-0.046937,0.20536,-0.058938,-0.042201,-0.077257,-0.00045789,0.19693,0.045329,-0.004777,-0.051396
-0.22488,-0.079601,0.16957,-0.099636,-0.091443,0.027521,-0.091344,-0.16868,0.06562,-0.16678,0.035107,0.015751,0.05772,0.0094801,0.27053,-0.013756,0.02494,-0.1678,-0.13774,0.073385,-0.10818,0.17856,-0.064258,-0.0733,0.046726,0.003796,0.19764,0.13567,0.071843,0.20924,0.21872,0.11964,-0.12784,-0.02705,0.28091,0.071696,0.018038,0.13139,0.27742,0.21175,0.2959,0.080343,-0.01326,-0.30841,-0.001795,-0.14516,-0.064081,-0.11752,0.01373,-0.045838
0.010899,0.082243,0.0013679,0.0122,0.1749,0.1466,0.19115,-0.059056,-0.19815,-0.097025,0.058258,0.2273,0.032357,0.054953,-0.16303,-0.17234,0.053982,0.14783,-0.00029476,-0.089587,-0.028361,0.17704,0.050323,-0.12943,-0.12565,0.010804,-0.16889,0.064893,-0.095789,-0.0059736,-0.40032,-0.11477,-0.19164,-0.068191,0.062714,0.14671,-0.018738,0.09512,-0.028788,0.18187,0.079817,0.24517,0.27456,-0.1601,0.064565,-0.25072,-0.020707,0.24964,-0.043058,0.10958
0.086212,0.11669,-0.02966,0.20696,-0.11647,0.092617,0.19477,-0.080002,0.076101,-0.094469,-0.13633,-0.080434,-0.34699,0.15295,0.011917,-0.060564,-0.099119,-0.23359,-0.060508,0.039021,-0.23299,-0.29167,-0.20639,-0.10166,-0.054087,-0.040974,-0.07196,-0.20168,0.027788,-0.10038,0.019641,-0.26257,0.084836,-0.0036464,0.16629,-0.13871,0.1342,0.074121,-0.047821,-0.012678,0.099469,-0.0010781,0.043299,-0.044362,0.32518,-0.138,-0.022783,0.034049,0.12306,-0.23126
-0.024064,-0.1526,0.086639,-0.06749,-0.16032,0.14772,-0.091147,-0.15676,0.045982,-0.14921,-0.0053075,0.10557,-0.066403,-0.2236,-0.18801,0.11365,-0.069763,-0.069552,-0.022118,0.34444,0.20128,0.024038,0.1626,0.18797,-0.11381,0.15086,-0.13881,-0.012285,-0.1559,-0.22489,-0.096557,-0.1031,-0.14732,-0.10785,0.054431,-0.031977,0.29199,-0.0023338,0.12261,-0.10312,0.27399,-0.12362,0.03784,0.16022,0.12569,0.065238,0.082349,-0.14842,0.0087903,0.22167
0.084205,0.14986,0.27196,-0.14242,0.11891,-0.054252,0.030285,0.11355,0.12597,0.12288,0.0074959,0.16994,0.24038,-0.036554,-0.012175,0.36048,-0.10842,-0.14733,-0.041231,-0.19899,-0.015553,0.14623,-0.077709,-0.02843,-0.24137,0.10318,0.16244,0.19341,-0.028614,-0.06588,-0.2289,-0.12977,-0.0082835,-0.032207,0.10467,-0.16034,0.044119,-0.18981,0.1172,0.0099366,-0.15072,-0.1544,-0.14438,0.041909,0.24479,-0.11302,-0.06057,-0.021461,-0.0058653,-0.22421
-0.087035,0.27946,0.050792,0.18082,0.11319,-0.28744,0.11616,-0.20795,-0.082837,-0.15805,0.08027,-0.25884,0.038907,-0.093002,0.072608,0.1264,-0.16916,-0.013649,0.2591,0.19213,0.078953,0.32757,0.024804,0.089936,-0.045551,0.0071722,0.074689,-0.20321,-0.12189,0.033417,0.15991,-0.03086,0.10391,-0.30634,-0.017571,0.018085,0.13625,-0.068936,-0.14515,0.086343,-0.089269,0.034018,-0.074747,-0.072506,0.028059,-0.011588,-0.0096795,0.24962,0.039846,0.040033
-0.20813,0.083696,-0.050884,0.1191,-0.12197,0.034315,-0.10726,0.0069927,-0.014198,0.13142,0.042074,0.12758,-0.22746,0.16825,-0.00037795,-0.050274,0.10763,0.052699,-0.039077,-0.059406,0.24238,-0.019416,-0.14399,0.1318,-0.39436,0.091941,-0.010967,0.17525,0.36924,0.2812,0.091586,0.13968,0.11398,-0.11918,0.11658,0.080394,0.16911,-0.10629,0.0013427,0.019618,-0.041903,0.026647,0.048565,0.26432,0.11912,0.0033424,-0.017598,0.19949,-0.0015088,0.12614
-0.016158,-0.21908,0.083686,0.035117,-0.1052,-0.16807,0.023473,-0.030635,-0.04235,0.20134,-0.007339,0.14737,0.1227,0.095317,0.12013,-0.0055601,-0.21464,-0.09548,-0.032406,0.19639,0.080708,0.059867,0.041406,-0.21959,-0.09562,-0.22219,-0.0038242,0.035913,0.14473,-0.23525,-0.058592,0.25795,0.12611,0.1422,-0.23248,-0.054595,0.10137,-0.10864,-0.15766,-0.26545,0.28557,0.22852,-0.041239,-0.133,0.085655,-0.081434,0.001323,0.21871,-0.088331,-0.075895
0.0067906,0.22583,0.026639,0.10962,0.033799,0.082593,-0.16911,0.39639,-0.045352,0.22186,0.027928,0.083104,-0.022135,0.059939,0.081966,-0.023618,-0.095685,-0.30195,0.044083,0.10702,0.27033,-0.061068,0.2074,-0.20304,0.20519,0.10631,-0.2215,-0.20314,0.055288,-0.073678,0.0038538,0.053811,-0.1678,-0.15239,0.12732,0.068504,0.017181,-0.046248,0.23564,0.10014,-0.054222,0.059908,0.018609,-0.11083,-0.051375,0.17211,-0.16291,0.095668,0.10917,-0.05486
-0.10757,0.16571,0.29417,0.0556,-0.11016,0.11418,-0.022806,0.31115,-0.38835,-0.12043,-0.17058,-0.18948,-0.0057658,0.070211,0.027531,-0.0055085,-0.22461,0.12232,-0.045351,0.084636,-0.1338,0.1036,-0.1529,0.04163,0.054425,0.041021,0.14163,0.037988,-0.017297,0.016137,-0.15034,0.095893,-0.14053,0.073323,0.078073,0.074347,-0.055794,-0.040586,-0.24613,-0.0010638,0.20012,0.13223,-0.021865,0.33017,-0.022835,0.12842,-0.049949,-0.17999,0.033597,-0.061048
0.15734,0.12208,-0.070795,-0.26086,0.0035469,-0.0033255,-0.25014,-0.13139,0.092545,-0.10522,0.37472,-0.13158,-0.20192,-0.14355,-0.11222,0.087859,-0.11781,-0.034682,-0.023635,0.080249,-0.024638,-0.016748,-0.29002,-0.16967,0.055221,-0.055576,-0.14925,0.038503,0.01642,0.07288,-0.31067,0.13888,0.20736,-0.080985,0.079235,-0.022395,-0.15188,0.036005,0.12395,0.0075611,0.077251,0.23387,-0.16091,0.11045,-0.10332,0.11937,0.15358,0.09454,0.033749,-0.088067
0.049722,0.032958,0.10489,0.16008,0.10966,0.27951,-0.30413,-0.18808,0.06446,-0.097068,-0.21185,0.056839,0.10259,-0.0022683,-0.043676,-0.08932,-0.23201,0.023644,0.18265,-0.020656,-0.14824,0.18459,-0.15757,0.14539,-0.011896,-0.056652,-0.13831,0.0010659,0.15858,-0.050996,0.12946,-0.12385,-0.030363,0.11942,0.0038577,0.16113,-0.23969,-0.15536,0.24049,-0.37871,-0.07994,-0.038739,0.062206,-0.038378,-0.059455,-0.025413,-0.041689,0.16602,0.12729,0.015474
0.25483,-0.12342,-0.2721,0.077741,-0.27799,0.088407,-0.067386,-0.071398,-0.028518,0.020583,-0.037071,-0.18819,-0.07637,-0.057377,-0.074578,-0.076113,-0.038327,0.048962,0.061547,-0.028941,-0.037598,0.20582,-0.099088,-0.32895,-0.076531,0.3559,0.080534,0.085887,-0.03214,-0.15608,0.03052,0.10798,-0.0002095,0.025702,0.0081394,0.10736,0.065071,-0.42208,-0.045539,0.20615,-0.016753,-0.15232,0.079998,-0.098934,-0.084392,-0.062465,-0.16311,-0.069875,-0.086858,-0.053938
0.074732,-0.021871,-0.039434,-0.082261,-0.078079,0.017804,0.28175,-0.03867,-0.19285,-0.22591,0.14004,0.039232,0.065445,0.13597,-0.096184,0.15586,0.11718,-0.018049,-0.23592,-0.10544,0.063348,-0.03511,0.0059556,0.12036,-0.055247,0.21493,-0.12015,-0.10546,0.10817,-0.0078008,0.17195,0.058403,-0.15315,-0.26028,-0.1448,0.1311,0.021392,-0.11404,0.085788,-0.32933,-0.0076248,0.18853,-0.068274,-0.036733,-0.22201,-0.077404,0.026125,-0.085574,0.088277,-0.37571
0.1343,-0.045522,0.28325,0.0075687,-0.090591,0.27247,0.016731,-0.24854,-0.33985,0.19951,-0.070717,-0.034955,0.049983,-0.19857,0.10947,0.061827,0.188,0.057113,0.10926,0.10867,-0.085484,-0.065196,0.12134,-0.056386,0.068703,-0.046408,-0.30977,-0.028196,0.084132,0.15248,0.027684,0.27105,0.071166,-0.14468,0.072473,-0.10846,-0.0898,-0.020293,-0.068151,0.057652,-0.21205,-0.089937,-0.048866,-0.037498,0.24192,-0.092133,0.14577,-0.08628,-0.11437,-0.10365
-0.126,-0.018196,-0.064367,0.092757,-0.2924,-0.010485,-0.29107,0.0092097,-0.029285,0.011939,0.051851,0.1052,-0.07448,-0.045068,-0.015663,-0.15989,0.24495,-0.072556,0.1504,-0.23322,0.068338,0.17828,-0.073519,0.33029,0.15054,-0.18435,-0.023319,-0.10984,-0.24793,-0.029584,-0.15135,0.016608,-0.15568,0.13363,-0.041473,0.0042845,0.19574,-0.071613,-0.054665,0.066109,-0.010556,0.051381,-0.24729,-0.03515,0.064748,-0.1,0.028631,0.10348,-0.017572,-0.3445
-0.20882,-0.18735,0.015136,-0.14637,0.16423,0.01309,-0.022203,0.011668,0.12169,0.14198,0.027034,-0.078149,-0.059676,0.16046,-0.032839,-0.17423,-0.11323,-0.2471,0.19121,0.081404,-0.049664,0.006151,0.090842,-0.13103,-0.027696,0.1858,-0.068332,0.058068,-0.27168,0.12491,0.15325,-0.0066831,-0.1401,0.020327,0.059506,-0.10084,-0.05539,-0.15686,-0.10654,-0.056487,-0.14657,0.22209,-0.024228,0.28393,-0.071242,-0.37848,0.27497,-0.072506,0.10435,0.00055324
-0.11691,-0.064969,0.019822,-0.023809,-0.033378,-0.105,-0.15062,-0.16132,0.016113,-0.07812,0.063588,0.05642,0.12538,0.020606,-0.38649,-0.049863,-0.18589,-0.090946,-0.026209,-0.032591,0.13953,-0.035312,0.06065,-0.10973,0.25178,-0.1179,0.12215,0.0069623,0.44347,0.0029888,-0.061499,-0.078484,-0.13264,-0.11662,-0.011818,0.13529,-0.019861,0.014938,-0.32707,0.15842,-0.096699,-0.19047,0.074472,-0.038501,0.099361,-0.055694,0.15641,-0.13643,0.23365,-0.11484
0.030683,0.033572,-0.028856,0.25752,0.037766,0.10601,-0.044798,-0.19318,0.059534,0.25779,0.24953,0.046688,0.242,-0.055186,-0.049424,-0.05824,0.14635,-0.22022,0.29752,0.071197,-0.16431,-0.11523,-0.081948,0.069829,-0.052965,0.27624,0.23185,-0.052853,0.088145,0.061724,-0.10721,-0.049339,-0.059217,-0.10201,-0.19928,-0.0083386,-0.080555,0.22204,-0.069256,-0.04211,0.17816,0.16509,0.046245,0.12255,0.0011269,0.091071,-0.25175,-0.15294,-0.095418,-0.063176
-0.0040686,-0.30244,-0.046662,0.10692,0.097186,-0.063104,-0.072826,0.22708,0.056525,0.025972,0.17643,-0.19501,0.092731,-0.10058,-0.084008,0.1328,0.13242,0.19432,-0.23874,0.25936,0.044893,0.067371,-0.086547,0.14476,0.064622,0.11881,-0.078588,-0.22483,0.090212,0.022074,-0.0039878,0.0066877,-0.012956,0.1236,0.11157,-0.059533,-0.23457,0.02671,-0.02385,0.034467,0.02644,-0.038993,-0.049693,0.071562,0.20674,-0.35453,-0.29475,0.17854,0.15437,-0.012286
0.067595,0.035655,-0.048119,0.15244,0.050078,0.023309,-0.11082,0.1942,0.12545,0.020549,-0.015387,0.15866,-0.12268,-0.34502,0.20179,0.053932,0.081851,0.11006,-0.14247,-0.064849,-0.18488,0.16758,0.21229,-0.21518,0.014423,0.053175,0.097431,-0.13648,0.028745,0.23555,0.037109,-0.17424,0.088135,-0.084911,-0.27166,0.25712,0.033437,-0.077836,-0.003307,-0.054869,0.19851,0.036328,0.02729,0.12208,0.16921,-0.036224,0.32602,-0.027035,0.12814,-0.072663
-0.23043,0.015933,-0.0079233,-0.035329,-0.14044,-0.13915,-0.30792,-0.012709,-0.15209,0.076596,0.092344,0.21627,-0.24788,0.084614,-0.044058,0.154,-0.24271,0.22475,-0.03363,0.0025738,-0.20986,-0.081768,0.10096,-0.096738,-0.086373,0.016976,-0.005808,-0.04754,-0.10233,-0.19009,0.1397,-0.11849,0.0026002,-0.2176,-0.081766,0.10651,-0.15511,0.22301,0.039021,0.00034587,-0.14618,-0.053289,-0.078844,0.0095701,-0.015815,-0.1972,-0.17874,-0.07232,-0.33499,-0.043821
-0.36293,-0.033634,0.14233,0.0022878,0.22658,0.20149,-0.022009,-0.15302,-0.053895,-0.17621,0.01873,-0.018163,-0.18606,0.094413,0.0090037,0.23747,0.047998,-0.063903,-0.002452,-0.1145,0.16276,-0.24162,-0.0069016,-0.012205,0.17707,0.22674,0.066902,-0.040494,-0.092981,0.0051297,-0.044261,0.022698,0.07963,0.15916,-0.31685,-0.0079731,-0.18607,-0.30497,-0.015982,0.14229,0.14875,-0.063539,0.019814,-0.11228,0.13102,0.10462,-0.0078971,0.17202,-0.12088,-0.0039683
-0.16248,0.049916,0.33245,-0.13977,-0.13768,0.060554,0.027431,0.099676,0.41044,0.030424,-0.10276,-0.15442,0.080859,-0.077973,-0.087751,-0.13166,0.14058,0.34662,0.19963,-0.053239,0.085197,-0.061297,0.057795,-0.062804,-0.19003,0.051042,-0.070779,-0.17107,0.13798,-0.21251,0.078791,-0.084073,0.059696,-0.1093,0.076664,-0.084581,-0.095134,-0.0081885,-0.047145,0.13038,0.16584,0.10931,0.079318,-0.041579,-0.1657,0.043334,0.090875,0.064699,-0.083962,-0.2485
-0.093481,0.10406,0.18282,0.26416,-0.27768,-0.14015,0.0020666,0.005251,0.051091,-0.014168,0.29042,0.0024322,0.25594,0.25249,-0.1649,-0.088656,0.071816,0.072181,-0.18337,-0.0082763,-0.068783,0.12767,-0.13344,-0.14242,0.038035,0.018185,-0.27191,0.072754,-0.18773,-0.0035508,0.16791,-0.098809,0.070726,0.086471,-0.15939,-0.097755,-0.077661,-0.077517,0.14457,0.062728,-0.071934,0.070277,0.055748,-0.014402,0.23726,0.20006,0.13737,-0.15843,0.067334,0.17034
0.079366,-0.1225,0.076884,-0.12397,0.023129,0.20509,-0.12203,0.066064,0.067988,-0.08818,0.043481,-0.19646,0.11914,0.17531,-0.030843,-0.028211,-0.00060851,-0.025373,-0.020582,-0.3031,0.11361,0.053997,-0.13638,-0.2145,-0.033028,-0.053407,0.1584,-0.46659,-0.028866,0.092554,-0.025645,0.08893,-0.085016,-0.14135,0.036534,0.063667,0.17481,0.09516,-0.044682,-0.24916,-0.046868,-0.014105,-0.095049,-0.038424,0.20081,-0.023384,0.020833,-0.031633,-0.26694,0.3085
-0.0042999,-0.21937,0.0087686,-0.050967,-0.14203,0.077644,0.073191,0.028166,-0.05536,0.15324,-0.093258,0.049367,0.057345,0.14977,0.17082,0.13558,0.05873,-0.028479,0.03758,0.086181,0.085588,0.067197,-0.328,0.065267,0.25156,-0.24135,0.13041,-0.074236,-0.033501,-0.070274,-0.10821,-0.18726,0.15991,-0.37513,-0.13951,-0.018834,-0.024979,-0.1186,0.21429,0.152,-0.016695,-0.013809,0.33651,0.20451,-0.15362,-0.13213,0.065086,0.0090524,0.019021,0.033078
0.045272,-0.40033,0.28657,-0.048159,0.13331,-0.25951,-0.0069743,0.089696,-0.02841,0.011625,-0.080461,-0.11122,-0.072848,-0.042113,-0.21925,-0.17465,0.062625,-0.24172,-0.021272,-0.069626,-0.1849,-0.031956,0.0073648,0.03043,-0.077285,-0.064424,-0.16434,0.10895,-0.15596,0.15833,0.00062164,-0.051725,0.1422,-0.2155,0.024448,0.33607,0.030486,-0.056552,-0.0088909,0.0049848,0.061917,-0.099126,0.034521,0.010648,0.03282,0.26035,-0.21911,0.1239,-0.071723,-0.11368
-0.059252,0.29174,-0.047771,-0.14164,-0.20961,0.17093,0.052614,0.076637,0.068861,0.16082,-0.16112,-0.058731,-0.023457,-0.067767,-0.37994,0.17706,0.089858,-0.23418,-0.087793,-0.10612,-0.1543,0.13251,0.067772,-0.0047749,0.045927,-0.15842,-0.093435,0.055195,-0.049472,0.14827,0.14239,0.076488,0.048493,-0.10996,-0.17626,-0.14948,-0.099778,0.0039461,-0.13265,-0.02926,0.26836,-0.09501,-0.066408,-0.039062,-0.15076,-0.19684,-0.17857,0.12405,0.075241,0.22651
