-45.398
-30.378
25.663
1.617
25.095
86.043
30.604
74.079
17.413
4.2085
-81.273
-73.485
66.485
19.451
-5.6849
-17.253
72.954
56.088
48.868
-79.217
-93.28
6.4133
-94.177
-38.911
-46.327
96.684
39.707
19.058
-55.96
18.119
59.568
-95.819
-69.809
-41.397
35.923
-32.607
7.8305
84.951
8.9835
-5.7075
64.143
55.75
93.739
77.752
-72.012
43.961
89.29
-70.745
85.847
13.34
-10.167
27.862
27.027
-29.869
8.9592
-64.709
-9.1647
14.686
-47.94
14.95
-15.919
-60.301
48.748
-19.313
76.146
-80.327
73.764
81.542
-48.868
-72.096
-13.503
47.747
63.105
-89.562
29.879
27.513
-70.515
-34.715
3.5477
68.959
36.662
69.02
51.262
46.469
63.561
-38.619
-43.466
3.886
81.276
27.288
-3.1582
-48.417
93.132
86.203
-51.936
64.439
83.206
38.289
7.1271
-39.913
-76.844
-11.129
48.789
41.243
18.727
-48.802
-14.855
-85.785
-57.304
-56.985
86.887
89.968
-41.443
-51.511
50.919
-6.0217
79.153
3.0098
93.78
43.887
-53.352
69.186
-26.874
85.369
58.628
70.231
-31.546
17.153
8.1274
13.87
-10.445
-22.159
8.8138
-99.557
-30.865
72.455
-18.744
-54.296
-92.549
50.918
17.458
-96.691
-25.935
-22.827
-87.788
29.398
55.301
28.326
69.192
22.806
5.2851
-7.7727
-48.123
-60.241
-66.611
5.4565
-55.055
19.339
-74.774
-78.064
84.274
-27.47
-11.897
-36.236
27.817
74.334
16.069
-6.994
-10.779
-33.973
20.124
12.179
82.368
67.653
-96.969
70.086
57.679
-33.127
50.457
17.038
-58.002
75.004
-57.866
75.041
10.78
-64.355
60.999
-55.211
27.44
3.7336
48.165
-33.38
-32.931
75.013
31.372
-50.91
83.397
44.473
16.759
22.348
20.712
-61.392
25.901
67.091
-5.6297
-34.349
-48.726
36.883
58.55
-70.95
-38.812
55.916
83.874
-95.897
-40.161
-43.132
-42.191
14.803
52.948
51.602
90.677
-64.661
-75.142
-35.747
26.157
21.813
16.757
-49.885
-79.18
20.858
-44.215
-44.802
43.717
-51.511
9.5813
-31.282
-19.303
6.8477
-12.179
17.297
85.907
-65.103
5.6008
-45.619
50.063
57.39
34.846
-42.387
-49.961
-67.169
-75.864
55.378
50.909
24.662
-26.401
96.091
81.49
-24.444
-25.194
-47.285
-62.335
-53.956
-23.462
-41.832
25.071
54.303
70.049
2.2454
7.9478
-27.256
-77.287
6.0995
-45.873
-68.822
-5.1815
-35.738
-6.8299
77.382
86.324
-54.256
-65.648
40.036
-88.247
85.798
5.1416
-43.7
-17.137
-54.541
96.469
-37.274
-7.8584
5.978
66.037
8.4427
8.8239
-63.775
-51.001
-66.102
58.568
53.144
-14.861
-93.624
76.03
-47.107
94.23
-83.555
-4.2894
-42.132
30.084
10.664
75.002
3.9776
-84.797
-4.4203
-17.547
30.983
-59.218
-48.663
-49.421
22.087
33.543
-75.712
41.784
-16.525
26.628
13.366
36.83
-3.5421
74.399
38.763
51.608
-67.255
37.56
98.368
53.153
71.157
79.465
27.368
48.45
-68.056
68.833
-9.265
-52.031
66.708
43.621
33.922
-30.783
-50.407
-2.4879
-85.977
26.196
-97.504
93.711
36.551
6.6514
-34.458
-18.488
68.717
22.788
-10.514
24.282
-24.152
48.435
-26.934
-82.605
-95.375
-43.202
-16.265
3.3122
-95.214
-67.601
3.0371
36.2
-76.944
-79.582
-95.519
-81.531
-19.474
-39.109
35.912
-29.375
40.63
-70.694
72.238
-1.6483
19.63
51.269
-56.15
29.871
-31.697
-99.898
79.567
-28.062
91.704
29.085
75.953
-70.849
-33.103
-80.9
-22.812
27.24
65.662
-86.206
-94.212
-94.446
-0.43356
93.736
50.607
-69.683
10.635
-72.036
67.194
78.37
-56.402
30.295
9.1761
-29.758
-23.536
-64.119
-45.394
-39.838
-93.814
-36.593
20.905
-17.191
-94.699
-35.89
-66.998
79.348
-18.511
26.973
-87.226
-41.438
48.176
83.963
92.79
-19.921
50.295
-63.325
71.183
54.722
79.289
-61.232
-90.388
-51.35
-29.128
15.055
33.783
-77.112
56.021
-75.491
-42.23
-10.243
66.541
2.8119
69.037
2.5504
-81.577
59.732
9.8747
-56.875
47.298
98.172
-8.0575
-71.839
74.875
10.299
7.1934
-26.752
27.504
62.296
-1.122
49.162
21.426
-23.006
-26.171
89.537
96.984
62.408
-40.72
42.281
67.861
56.507
-45.922
27.106
12.674
62.804
-25.599
92.671
19.403
-8.7509
-83.706
-33.772
19.999
-29.338
-22.772
-7.4671
85.135
-43.901
-94.006
64.843
-24.233
-85.092
77.954
48.266
-9.289
1.1152
-71.057
-11.188
14.695
63.632
-81.159
-33.185
18.758
-29.627
50.311
-72.209
-64.843
-85.788
-68.053
-44.796
90.105
17.053
77.827
-56.749
-75.105
48.613
47.641
-25.139
-5.2936
-9.9478
73.91
11.422
84.887
-99.103
98.653
37.319
-34.09
72.104
-65.101
53.847
-52.854
95.959
-59.812
-78.784
-96.135
-96.971
65.471
2.049
-93.537
13.794
90.144
-17.299
97.172
-8.4146
42.344
-94.084
-7.6761
-4.2603
63.086
93.158
-89.805
42.211
97.984
-85.069
-74.965
-10.437
0.68033
-87.759
-43.465
-4.8536
-1.7634
-53.148
-30.62
-53.318
38.37
88.67
-1.0967
-41.443
-20.917
87.169
96.746
-70.622
-47.103
-16.707
-84.081
-47.548
-39.418
-60.517
-50.27
-37.11
76.845
-82.753
70.293
-72.559
-59.331
95.827
-56.522
12.342
30.872
-4.6494
78.767
-78.255
-27.495
26.7
10.489
-3.0068
76.811
8.3139
36.151
78.997
46.181
-25.006
-73.455
-72.881
-2.8393
-58.928
-0.014368
53.816
-0.3913
13.215
85.996
-56.709
49.919
12.005
31.775
37.6
72.914
83.542
-85.712
-78.643
36.539
-22.792
38.619
37.29
16.557
-86.648
-26.19
68.56
-7.9405
95.674
-86.642
-88.705
87.766
12.363
-39.829
-60.642
8.9376
-67.753
-80.942
-39.354
62.421
-4.2351
96.611
32.229
-67.034
63.597
-79.374
24.249
88.931
-84.3
23.943
-17.349
88.294
55.013
24.965
-85.164
-46.818
-31.585
-29.096
90.382
-15.552
6.8073
65.413
-15.256
-87.131
-50.361
-23.126
-75.613
-85.635
45.522
37.425
27.122
-37.604
-1.8846
-90.92
-49.135
34.732
79.63
-7.4899
-77.269
93.117
43.242
17.858
-79.271
6.2115
56.706
-30.195
61.531
-24.472
-84.926
65.935
7.0408
36.829
65.256
95.054
-66.706
-48.258
43.508
-13.438
-52.951
-68.578
40.37
-44.455
21.922
70.564
58.484
-30.897
13.838
-53.26
40.083
-74.516
-25.962
87.358
73.67
82.995
83.449
34.102
-11.844
43.213
-2.1572
28.928
-29.643
-60.296
-57.937
82.827
-5.0406
-2.1252
0.07178
37.802
-30.893
48.201
-20.2
-1.4347
-40.035
-22.14
-66.092
-57.756
-92.955
24.764
85.598
-34.857
-49.509
27.088
20.989
12.243
-1.6675
-18.314
67.233
71.928
85.616
-86.466
-54.129
-20.787
-52.458
-28.347
14.386
46.21
68.058
25.394
41.205
-92.538
10.269
-2.0268
-94.47
-39.996
18.649
71.33
-12.459
-1.6137
12.982
95.133
-10.297
-42.056
34.616
-18.288
96.614
95.161
-29.089
51.71
-88.853
-34.396
26.13
16.942
-61.309
75.903
15.941
19.939
74.386
37.39
18.807
-41.842
87.829
78.151
76.865
55.238
-66.27
16.064
9.8718
-60.726
13.279
2.4538
-64.163
16.765
46.683
-72.127
-69.082
-19.09
9.2298
-40.205
54.969
-51.271
14.29
-7.705
-21.749
-36.15
-57.039
-8.6889
-48.666
-39.702
82.826
-28.474
80.183
99.708
29.326
53.791
65.155
-22.191
2.7621
63.155
-38.86
12.571
10.989
-97.114
50.181
16.368
-36.726
93.71
-72.175
4.5251
74.893
19.725
-30.961
16.209
58.148
62.546
28.559
21.034
-8.5239
-72.923
-61.048
-52.761
-13.166
-52.65
-59.606
-83.606
20.931
16.923
59.338
19.721
-31.823
-32.574
-22.251
25.104
-14.934
88.82
-71.493
60.618
27.788
-47.603
89.106
-14.566
-27.045
23.476
44.555
97.99
37.348
-5.9024
31.904
-37.814
69.141
37.706
22.26
12.602
78.96
66.973
-9.6286
-24.993
95.229
-16.601
-90.212
-39.611
-14.627
-23.833
-29.509
92.057
20.715
-68.393
81.78
-75.439
86.815
56.927
-91.68
46.715
3.4533
-8.5059
-36.932
-98.117
-9.6095
74.844
-76.786
-12.483
32.72
-67.855
22.661
60.84
-79.9
21.247
62.703
-27.129
88.155
-20.28
38.329
-63.963
-34.757
-34.212
-82.522
-52.829
-1.0395
-14.791
71.291
20.202
28.076
19.984
97.313
2.0482
-91.235
33.204
69.653
-0.23341
-54.703
-23.297
-21.573
-2.244
66.032
13.287
19.112
-38.713
-95.522
15.193
-3.9443
21.066
80.05
65.036
-16.827
64.986
15.327
-18.436
-58.423
-43.023
82.473
-54.996
35.664
61.638
51.205
-56.134
-93.126
-53.063
-77.171
-14.25
-83.374
64.318
87.555
-74.135
33.681
7.9248
-59.553
-9.5062
-3.4282
-74.043
-20.414
44.363
80.92
-10.996
-61.717
-78.213
-51.536
-46.171
50.308
0.36784
